1000:
0.9403992635978587
0.9196163457851604
0.9362068837463241
0.9553130660158988
0.9428208034648184
0.9555463435016832
900:
0.9281230508327404
0.898985130005315
0.9068868149012828
0.9436760285427053
0.9100735834682616
0.9229489043204199
800:
0.8847847895780092
0.8521530327327294
0.9011639059850166
0.9536310360196435
0.9373786206930933
0.9502584709782899
700:
0.8761050116477936
0.8231496576294687
0.8664575452604854
0.9390965868686887
0.9056058778919661
0.9272869297743122
600:
0.8787658765146116
0.8612411648439019
0.8681750112577813
0.95642486306771
0.8810231459525278
0.8737478686030832
500:
0.7850350094087735
0.6535274754188778
0.8494410867749572
0.905226251449633
0.8440352167052223
0.8664004282671828
400:
0.5743723574745591
0.5429400495802144
0.7413695481816531
0.8776491412338129
0.8393223067089016
0.8612044576814721
300:
0.3063454712573822
0.0690857001191698
0.3830458534334203
0.8869203871031455
0.8000265536214481
0.8100579009205837
200:
0.006091120814880163
0.002570902540848534
0.0057393098340650026
0.899731600687609
0.798006793290551
0.7156206241810887

