1000:
0.08507995750293293
0.11271198654670521
0.09848973943393309
0.07705708639848433
0.09849228490250239
0.08224505389353352
900:
0.0943451045382968
0.11091154098287416
0.11725819223487655
0.09883495224574941
0.12038562334703638
0.11469523492505136
800:
0.12215826304687612
0.12971859055302437
0.1135710320603174
0.08662881701799004
0.10401760913376411
0.08920055573017392
700:
0.12265416625805758
0.1396211127390519
0.13047719620776477
0.09807737787572458
0.12645954278982666
0.10629114891820869
600:
0.1316285717523267
0.1371788044921842
0.1325812570370028
0.0830699760346903
0.13584435137750867
0.13442276490195784
500:
0.15162027869282127
0.16464659853488828
0.14152351848772912
0.12252214217201843
0.17264659064794483
0.1417093500809559
400:
0.19469078237160636
0.20805747452004555
0.16459537222716644
0.1377359641931597
0.16340538860387427
0.14269521699171478
300:
0.22512689679745618
0.2701289988380114
0.2305364110359803
0.12775441154713227
0.18783982262511245
0.16389774652967742
200:
0.26798169222511886
0.2668708886764285
0.270484395219891
0.11551696573825575
0.17058588656536824
0.19473637501297117